4.044355671917894597e+03
4.044355668700346087e+03
4.044355666630579890e+03
4.044355665747944386e+03
4.044355664983921997e+03
4.044355664514640011e+03
4.044355664211561816e+03
4.044355663924473902e+03
4.044355663721087694e+03
4.044355663574232949e+03
4.044355663436639588e+03
4.044355663315708171e+03
4.044355663222697785e+03
4.044355663144541268e+03
4.044355663072284187e+03
4.044355663007507246e+03
4.044355662949603811e+03
4.044355662898928131e+03
4.044355662855496576e+03
4.044355662815607957e+03
4.044355662776915324e+03
4.044355662741001652e+03
4.044355662709145690e+03
4.044355662680600744e+03
4.044355662654114440e+03
4.044355662628937353e+03
4.044355662604896679e+03
4.044355662582299829e+03
4.044355662561376448e+03
4.044355662541951915e+03
4.044355662523751562e+03
4.044355662506548924e+03
4.044355662490142549e+03
4.044355662474403744e+03
4.044355662459331143e+03
4.044355662445023881e+03
4.044355662431549717e+03
4.044355662418854536e+03
4.044355662406756437e+03
4.044355662395105355e+03
4.044355662383837625e+03
4.044355662372970983e+03
4.044355662362551357e+03
4.044355662352595573e+03
4.044355662343081804e+03
4.044355662333968212e+03
4.044355662325199773e+03
4.044355662316734197e+03
4.044355662308541923e+03
4.044355662300609765e+03
4.044355662292931811e+03
4.044355662285514427e+03
4.044355662278356704e+03
4.044355662271450910e+03
4.044355662264785678e+03
4.044355662258339635e+03
4.044355662252088678e+03
4.044355662246013253e+03
4.044355662240102447e+03
4.044355662234349438e+03
4.044355662228762867e+03
4.044355662223339095e+03
4.044355662218078123e+03
4.044355662212973129e+03
4.044355662208012291e+03
4.044355662203184693e+03
4.044355662198481696e+03
4.044355662193895569e+03
4.044355662189422219e+03
4.044355662185056190e+03
4.044355662180796116e+03
4.044355662176641545e+03
4.044355662172590655e+03
4.044355662168641629e+03
4.044355662164790374e+03
4.044355662161030978e+03
4.044355662157361166e+03
4.044355662153770027e+03
4.044355662150258468e+03
4.044355662146821942e+03
4.044355662143461359e+03
4.044355662140170352e+03
4.044355662136952105e+03
4.044355662133803889e+03
4.044355662130722976e+03
4.044355662127707546e+03
4.044355662124758055e+03
4.044355662121868136e+03
4.044355662119038243e+03
4.044355662116263375e+03
4.044355662113542166e+03
4.044355662110872800e+03
4.044355662108255274e+03
4.044355662105686406e+03
4.044355662103168470e+03
4.044355662100699647e+03
4.044355662098276753e+03
4.044355662095901607e+03
4.044355662093570572e+03
4.044355662091281374e+03
4.044355662089034922e+03
4.044355662086827579e+03
4.044355662084662981e+03
4.044355662082532945e+03
4.044355662080442016e+03
4.044355662078386104e+03
4.044355662076367025e+03
4.044355662074381598e+03
4.044355662072430732e+03
4.044355662070513972e+03
4.044355662068629499e+03
4.044355662066778223e+03
4.044355662064956050e+03
4.044355662063166619e+03
4.044355662061405383e+03
4.044355662059672341e+03
4.044355662057966583e+03
4.044355662056291294e+03
4.044355662054638742e+03
4.044355662053015749e+03
4.044355662051417767e+03
4.044355662049844341e+03
4.044355662048295926e+03
4.044355662046770249e+03
4.044355662045269582e+03
4.044355662043794837e+03
4.044355662042340100e+03
4.044355662040907191e+03
4.044355662039496110e+03
4.044355662038107766e+03
4.044355662036739432e+03
4.044355662035390651e+03
4.044355662034061879e+03
4.044355662032753116e+03
4.044355662031465272e+03
4.044355662030194708e+03
4.044355662028942788e+03
4.044355662027708604e+03
4.044355662026493064e+03
4.044355662025293896e+03
4.044355662024112462e+03
4.044355662022947854e+03
4.044355662021799617e+03
4.044355662020666841e+03
4.044355662019551801e+03
4.044355662018450857e+03
4.044355662017364466e+03
4.044355662016294445e+03
4.044355662015238977e+03
4.044355662014197605e+03
4.044355662013168512e+03
4.044355662012155790e+03
4.044355662011155800e+03
4.044355662010169908e+03
4.044355662009195839e+03
4.044355662008236322e+03
4.044355662007288174e+03
4.044355662006353668e+03
4.044355662005430531e+03
4.044355662004521037e+03
4.044355662003620637e+03
4.044355662002733425e+03
4.044355662001857127e+03
4.044355662000992197e+03
4.044355662000139091e+03
4.044355661999296444e+03
4.044355661998463347e+03
4.044355661997642528e+03
4.044355661996830804e+03
4.044355661996029539e+03
4.044355661995238734e+03
4.044355661994456113e+03
4.044355661993685317e+03
4.044355661992923160e+03
4.044355661992168280e+03
4.044355661991424313e+03
4.044355661990689896e+03
4.044355661989963664e+03
4.044355661989245618e+03
4.044355661988538486e+03
4.044355661987836811e+03
4.044355661987143776e+03
4.044355661986460746e+03
4.044355661985783172e+03
4.044355661985116058e+03
4.044355661984455310e+03
4.044355661983801383e+03
4.044355661983155187e+03
4.044355661982517177e+03
4.044355661981887351e+03
4.044355661981263438e+03
4.044355661980646801e+03
4.044355661980037439e+03
4.044355661979433080e+03
4.044355661978836906e+03
4.044355661978248008e+03
4.044355661977664568e+03
4.044355661977088403e+03
4.044355661976516330e+03
4.044355661975951989e+03
4.044355661975394014e+03
4.044355661974841496e+03
4.044355661974293980e+03
4.044355661973753740e+03
4.044355661973221231e+03
4.044355661972690086e+03
4.044355661972167582e+03
4.044355661971649170e+03
4.044355661971135305e+03
4.044355661970627352e+03
4.044355661970125311e+03
4.044355661969627363e+03
4.044355661969135781e+03
4.044355661968648292e+03
4.044355661968165805e+03
4.044355661967688320e+03
4.044355661967215383e+03
4.044355661966747903e+03
4.044355661966284060e+03
4.044355661965825220e+03
4.044355661965370018e+03
4.044355661964919818e+03
4.044355661964474621e+03
4.044355661964032151e+03
4.044355661963595594e+03
4.044355661963162675e+03
4.044355661962734757e+03
4.044355661962307749e+03
4.044355661961887108e+03
4.044355661961470560e+03
4.044355661961056285e+03
4.044355661960647467e+03
4.044355661960241378e+03
4.044355661959839381e+03
4.044355661959440567e+03
4.044355661959045392e+03
4.044355661958654309e+03
4.044355661958266410e+03
4.044355661957881239e+03
4.044355661957501525e+03
4.044355661957123175e+03
4.044355661956748463e+03
4.044355661956376935e+03
4.044355661956008134e+03
4.044355661955643882e+03
4.044355661955281448e+03
4.044355661954922653e+03
4.044355661954566131e+03
4.044355661954213701e+03
4.044355661953864455e+03
4.044355661953516574e+03
4.044355661953172330e+03
4.044355661952831724e+03
4.044355661952492483e+03
4.044355661952155970e+03
4.044355661951823549e+03
4.044355661951492493e+03
4.044355661951164166e+03
4.044355661950838567e+03
4.044355661950516151e+03
4.044355661950195554e+03
4.044355661949877685e+03
4.044355661949563455e+03
4.044355661949250134e+03
4.044355661948939996e+03
4.044355661948630768e+03
4.044355661948325178e+03
4.044355661948021861e+03
4.044355661947719454e+03
4.044355661947422959e+03
4.044355661947124645e+03
4.044355661946829514e+03
4.044355661946538476e+03
4.044355661946247437e+03
4.044355661945960492e+03
4.044355661945674910e+03
4.044355661945390239e+03
4.044355661945107840e+03
4.044355661944828171e+03
4.044355661944550320e+03
4.044355661944273834e+03
4.044355661943999621e+03
4.044355661943728137e+03
4.044355661943458472e+03
4.044355661943190626e+03
4.044355661942924144e+03
4.044355661942659481e+03
4.044355661942396182e+03
4.044355661942135612e+03
4.044355661941876406e+03
4.044355661941618564e+03
4.044355661941362541e+03
4.044355661941109247e+03
4.044355661940857317e+03
4.044355661940606751e+03
4.044355661940358004e+03
4.044355661940109712e+03
4.044355661939864603e+03
4.044355661939620859e+03
4.044355661939378933e+03
4.044355661939138372e+03
4.044355661938897811e+03
4.044355661938660887e+03
4.044355661938425328e+03
4.044355661938189769e+03
4.044355661937957848e+03
4.044355661937724562e+03
4.044355661937494915e+03
4.044355661937266632e+03
4.044355661937039713e+03
4.044355661936815522e+03
4.044355661936589513e+03
4.044355661936366687e+03
4.044355661936145225e+03
4.044355661935924672e+03
4.044355661935707303e+03
4.044355661935489024e+03
4.044355661935272565e+03
4.044355661935057469e+03
4.044355661934845102e+03
4.044355661934633190e+03
4.044355661934422642e+03
4.044355661934212549e+03
4.044355661934004274e+03
4.044355661933798729e+03
4.044355661933592728e+03
4.044355661933387637e+03
4.044355661933185274e+03
4.044355661932983367e+03
4.044355661932782368e+03
4.044355661932582279e+03
4.044355661932384010e+03
4.044355661932187104e+03
4.044355661931991563e+03
4.044355661931797385e+03
4.044355661931604573e+03
4.044355661931412669e+03
4.044355661931220766e+03
4.044355661931029772e+03
4.044355661930841052e+03
4.044355661930654151e+03
4.044355661930467704e+03
4.044355661930282622e+03
4.044355661930098904e+03
4.044355661929914277e+03
4.044355661929732378e+03
4.044355661929551843e+03
4.044355661929372673e+03
4.044355661929192593e+03
4.044355661929015696e+03
4.044355661928839254e+03
4.044355661928662812e+03
4.044355661928488189e+03
4.044355661928314021e+03
4.044355661928142581e+03
4.044355661927971141e+03
4.044355661927800611e+03
4.044355661927630990e+03
4.044355661927462279e+03
4.044355661927294932e+03
4.044355661927127585e+03
4.044355661926963876e+03
4.044355661926798348e+03
4.044355661926634639e+03
4.044355661926473203e+03
4.044355661926311313e+03
4.044355661926150788e+03
4.044355661925991626e+03
4.044355661925832010e+03
4.044355661925676941e+03
4.044355661925518689e+03
4.044355661925362710e+03
4.044355661925209006e+03
4.044355661925053937e+03
4.044355661924900687e+03
4.044355661924748347e+03
4.044355661924597371e+03
4.044355661924447304e+03
4.044355661924299056e+03
4.044355661924158994e+03
4.044355661924017568e+03
4.044355661923879325e+03
4.044355661923739717e+03
4.044355661923601019e+03
4.044355661923464595e+03
4.044355661923328171e+03
4.044355661923191747e+03
4.044355661923058051e+03
4.044355661922923900e+03
4.044355661922790659e+03
4.044355661922659692e+03
4.044355661922527361e+03
4.044355661922395939e+03
4.044355661922265881e+03
4.044355661922137188e+03
4.044355661922008039e+03
4.044355661921881619e+03
4.044355661921754745e+03
4.044355661921628780e+03
4.044355661921502815e+03
4.044355661921377759e+03
4.044355661921253613e+03
4.044355661921130377e+03
4.044355661921008050e+03
4.044355661920887542e+03
4.044355661920765669e+03
4.044355661920645616e+03
4.044355661920526018e+03
4.044355661920407329e+03
4.044355661920289549e+03
4.044355661920172224e+03
4.044355661920053990e+03
4.044355661919938029e+03
4.044355661919823433e+03
4.044355661919709291e+03
4.044355661919595605e+03
4.044355661919481008e+03
4.044355661919368686e+03
4.044355661919257727e+03
4.044355661919146314e+03
4.044355661919034901e+03
4.044355661918924852e+03
4.044355661918816168e+03
4.044355661918707483e+03
4.044355661918600163e+03
4.044355661918492387e+03
4.044355661918385977e+03
4.044355661918278656e+03
4.044355661918173610e+03
4.044355661918069927e+03
4.044355661917964881e+03
4.044355661917861198e+03
4.044355661917758425e+03
4.044355661917656107e+03
4.044355661917554698e+03
4.044355661917452835e+03
4.044355661917352791e+03
4.044355661917252291e+03
4.044355661917154066e+03
4.044355661917054931e+03
4.044355661916956251e+03
4.044355661916858026e+03
4.044355661916760710e+03
4.044355661916665667e+03
4.044355661916570625e+03
4.044355661916473309e+03
4.044355661916378722e+03
4.044355661916285499e+03
4.044355661916190456e+03
4.044355661916096778e+03
4.044355661916006284e+03
4.044355661915913515e+03
4.044355661915822111e+03
4.044355661915731162e+03
4.044355661915640212e+03
4.044355661915550172e+03
4.044355661915461042e+03
4.044355661915371911e+03
4.044355661915284145e+03
4.044355661915195924e+03
4.044355661915108158e+03
4.044355661915020391e+03
4.044355661914934899e+03
4.044355661914848497e+03
4.044355661914763459e+03
4.044355661914678421e+03
4.044355661914593838e+03
4.044355661914509710e+03
4.044355661914426037e+03
4.044355661914342818e+03
4.044355661914260054e+03
4.044355661914176835e+03
4.044355661914096345e+03
4.044355661914013581e+03
4.044355661913933545e+03
4.044355661913852600e+03
4.044355661913773929e+03
4.044355661913693893e+03
4.044355661913614313e+03
4.044355661913536096e+03
4.044355661913457880e+03
4.044355661913379208e+03
4.044355661913301446e+03
4.044355661913224594e+03
4.044355661913148651e+03
4.044355661913071799e+03
4.044355661912995856e+03
4.044355661912920823e+03
4.044355661912845790e+03
4.044355661912770756e+03
4.044355661912697087e+03
4.044355661912622963e+03
4.044355661912548385e+03
4.044355661912476535e+03
4.044355661912403320e+03
4.044355661912330561e+03
4.044355661912260075e+03
4.044355661912187315e+03
4.044355661912115011e+03
4.044355661912044980e+03
4.044355661911974948e+03
4.044355661911904917e+03
4.044355661911833977e+03
4.044355661911764855e+03
4.044355661911694369e+03
4.044355661911626612e+03
4.044355661911557036e+03
4.044355661911489278e+03
4.044355661911421976e+03
4.044355661911352854e+03
4.044355661911286916e+03
4.044355661911218704e+03
4.044355661911153220e+03
4.044355661911086827e+03
4.044355661911019524e+03
4.044355661910954495e+03
4.044355661910889012e+03
4.044355661910824438e+03
4.044355661910758499e+03
4.044355661910693925e+03
4.044355661910629351e+03
4.044355661910567051e+03
4.044355661910501567e+03
4.044355661910438812e+03
4.044355661910375147e+03
4.044355661910313756e+03
4.044355661910249637e+03
4.044355661910188701e+03
4.044355661910126400e+03
4.044355661910064555e+03
4.044355661910001800e+03
4.044355661909941318e+03
4.044355661909879473e+03
4.044355661909819901e+03
4.044355661909758510e+03
4.044355661909698938e+03
4.044355661909638911e+03
4.044355661909578885e+03
4.044355661909520677e+03
4.044355661909460196e+03
4.044355661909401988e+03
4.044355661909341961e+03
4.044355661909283754e+03
4.044355661909225546e+03
4.044355661909167793e+03
4.044355661909109131e+03
4.044355661909052287e+03
4.044355661908994534e+03
4.044355661908938146e+03
4.044355661908879483e+03
4.044355661908823095e+03
4.044355661908767161e+03
4.044355661908710317e+03
4.044355661908654383e+03
4.044355661908599359e+03
4.044355661908543880e+03
4.044355661908488401e+03
4.044355661908432921e+03
4.044355661908377442e+03
4.044355661908322872e+03
4.044355661908268303e+03
4.044355661908213278e+03
4.044355661908159163e+03
4.044355661908105048e+03
4.044355661908051843e+03
4.044355661907997728e+03
4.044355661907944523e+03
4.044355661907892227e+03
4.044355661907838112e+03
4.044355661907786271e+03
4.044355661907732610e+03
4.044355661907679860e+03
4.044355661907628019e+03
4.044355661907576177e+03
4.044355661907523427e+03
4.044355661907472040e+03
4.044355661907420199e+03
4.044355661907369267e+03
4.044355661907317881e+03
4.044355661907266949e+03
4.044355661907216472e+03
4.044355661907164631e+03
4.044355661907114154e+03
4.044355661907064132e+03
4.044355661907014110e+03
4.044355661906963633e+03
4.044355661906914520e+03
4.044355661906863588e+03
4.044355661906815385e+03
4.044355661906766272e+03
4.044355661906716250e+03
4.044355661906667592e+03
4.044355661906617570e+03
4.044355661906570276e+03
4.044355661906521618e+03
4.044355661906472506e+03
4.044355661906425212e+03
4.044355661906377009e+03
4.044355661906328805e+03
4.044355661906281512e+03
4.044355661906233763e+03
