0.000000000000000000e+00 7.354998177149502620e-09
1.000000000000000000e+00 2.019982985020536421e-08
2.000000000000000000e+00 3.157099560917390666e-08
3.000000000000000000e+00 4.180722309896561566e-08
4.000000000000000000e+00 5.109064076951743689e-08
5.000000000000000000e+00 5.955465926256550976e-08
6.000000000000000000e+00 6.729746038992385972e-08
7.000000000000000000e+00 7.439693979540459984e-08
8.000000000000000000e+00 8.092025046153716835e-08
9.000000000000000000e+00 8.692203711889051487e-08
1.000000000000000000e+01 9.244808689245797690e-08
1.100000000000000000e+01 9.753976138869060001e-08
1.200000000000000000e+01 1.022334423127383565e-07
1.300000000000000000e+01 1.065602933109763279e-07
1.400000000000000000e+01 1.105478977294848005e-07
1.500000000000000000e+01 1.142214865835315227e-07
1.600000000000000000e+01 1.176039850104509545e-07
1.700000000000000000e+01 1.207160001223616719e-07
1.800000000000000000e+01 1.235760177499654362e-07
1.900000000000000000e+01 1.262007314041656452e-07
2.000000000000000000e+01 1.286055793184186258e-07
2.100000000000000000e+01 1.308050117953280437e-07
2.200000000000000000e+01 1.328122864006966552e-07
2.300000000000000000e+01 1.346394657897399148e-07
2.400000000000000000e+01 1.362975923609840244e-07
2.500000000000000000e+01 1.377969356598994162e-07
2.600000000000000000e+01 1.391471199175470141e-07
2.700000000000000000e+01 1.403571788065574262e-07
2.800000000000000000e+01 1.414355339584331820e-07
2.900000000000000000e+01 1.423899612797595612e-07
3.000000000000000000e+01 1.432276990127311803e-07
3.100000000000000000e+01 1.439555073196359365e-07
3.200000000000000000e+01 1.445797562626865724e-07
3.300000000000000000e+01 1.451064328894536092e-07
3.400000000000000000e+01 1.455411872727502300e-07
3.500000000000000000e+01 1.458893598238910234e-07
3.600000000000000000e+01 1.461559516935937854e-07
3.700000000000000000e+01 1.463456601636217414e-07
3.800000000000000000e+01 1.464628528179048856e-07
3.900000000000000000e+01 1.465116923119038452e-07
4.000000000000000000e+01 1.464961184334663529e-07
4.100000000000000000e+01 1.464198790786515831e-07
4.200000000000000000e+01 1.462865329912283567e-07
4.300000000000000000e+01 1.460994247638486668e-07
4.400000000000000000e+01 1.458617206091820486e-07
4.500000000000000000e+01 1.455764158857961157e-07
4.600000000000000000e+01 1.452463303316108396e-07
4.700000000000000000e+01 1.448741520082510270e-07
4.800000000000000000e+01 1.444624220903158498e-07
4.900000000000000000e+01 1.440135769823630626e-07
5.000000000000000000e+01 1.435299347727934617e-07
5.100000000000000000e+01 1.430136771907476960e-07
5.200000000000000000e+01 1.424668995347261345e-07
5.300000000000000000e+01 1.418915775598464117e-07
5.400000000000000000e+01 1.412895821865228314e-07
5.500000000000000000e+01 1.406627023885481457e-07
5.600000000000000000e+01 1.400126197626256827e-07
5.700000000000000000e+01 1.393409497903052487e-07
5.800000000000000000e+01 1.386492310460045072e-07
5.900000000000000000e+01 1.379389187636164765e-07
6.000000000000000000e+01 1.372114250755811238e-07
6.100000000000000000e+01 1.364680755541919081e-07
6.200000000000000000e+01 1.357101266928365245e-07
6.300000000000000000e+01 1.349387836060452397e-07
6.400000000000000000e+01 1.341551731384677232e-07
6.500000000000000000e+01 1.333603813708255484e-07
6.600000000000000000e+01 1.325554468965079181e-07
6.700000000000000000e+01 1.317413539334144508e-07
6.800000000000000000e+01 1.309190318469959318e-07
6.900000000000000000e+01 1.300893674604925875e-07
7.000000000000000000e+01 1.292532104487357879e-07
7.100000000000000000e+01 1.284113735551268390e-07
7.200000000000000000e+01 1.275646202451084013e-07
7.300000000000000000e+01 1.267136795842154643e-07
7.400000000000000000e+01 1.258592462800234886e-07
7.500000000000000000e+01 1.250019706628490411e-07
7.600000000000000000e+01 1.241424744282271412e-07
7.700000000000000000e+01 1.232813476416521459e-07
7.800000000000000000e+01 1.224191491753676537e-07
7.900000000000000000e+01 1.215564160201547588e-07
8.000000000000000000e+01 1.206936580818983043e-07
8.100000000000000000e+01 1.198313527555577193e-07
8.200000000000000000e+01 1.189699517869274564e-07
8.300000000000000000e+01 1.181098870461692552e-07
8.400000000000000000e+01 1.172515617595597149e-07
8.500000000000000000e+01 1.163953603914500694e-07
8.600000000000000000e+01 1.155416510136201785e-07
8.700000000000000000e+01 1.146907713085622385e-07
8.800000000000000000e+01 1.138430410970259289e-07
8.900000000000000000e+01 1.129987675862701951e-07
9.000000000000000000e+01 1.121582361728009151e-07
9.100000000000000000e+01 1.113217112182361129e-07
9.200000000000000000e+01 1.104894449676842543e-07
9.300000000000000000e+01 1.096616802672718730e-07
9.400000000000000000e+01 1.088386441024906872e-07
9.500000000000000000e+01 1.080205356450518717e-07
9.600000000000000000e+01 1.072075503353785513e-07
9.700000000000000000e+01 1.063998747428973595e-07
9.800000000000000000e+01 1.055976712394738576e-07
9.900000000000000000e+01 1.048010916433623125e-07
1.000000000000000000e+02 1.040102818873138008e-07
1.010000000000000000e+02 1.032253789559414204e-07
1.020000000000000000e+02 1.024465041700908248e-07
1.030000000000000000e+02 1.016737671396347210e-07
1.040000000000000000e+02 1.009072755143378971e-07
1.050000000000000000e+02 1.001471190888815212e-07
1.060000000000000000e+02 9.939337798906269047e-08
1.070000000000000000e+02 9.864613556990083534e-08
1.080000000000000000e+02 9.790545598132545335e-08
1.090000000000000000e+02 9.717139876337844297e-08
1.100000000000000000e+02 9.644402381025331153e-08
1.110000000000000000e+02 9.572337440279715739e-08
1.120000000000000000e+02 9.500948610467576586e-08
1.130000000000000000e+02 9.430238970446986544e-08
1.140000000000000000e+02 9.360210997179137622e-08
1.150000000000000000e+02 9.290867025915472873e-08
1.160000000000000000e+02 9.222208679317158905e-08
1.170000000000000000e+02 9.154237041096702429e-08
1.180000000000000000e+02 9.086952641442858453e-08
1.190000000000000000e+02 9.020355436857561549e-08
1.200000000000000000e+02 8.954444521610471745e-08
1.210000000000000000e+02 8.889218920890592966e-08
1.220000000000000000e+02 8.824677379162929620e-08
1.230000000000000000e+02 8.760818501930464399e-08
1.240000000000000000e+02 8.697640178146461272e-08
1.250000000000000000e+02 8.635140188226328643e-08
1.260000000000000000e+02 8.573315842253671612e-08
1.270000000000000000e+02 8.512163351355668965e-08
1.280000000000000000e+02 8.451679244339191800e-08
1.290000000000000000e+02 8.391860418440401393e-08
1.300000000000000000e+02 8.332702940233500025e-08
1.310000000000000000e+02 8.274202283958691992e-08
1.320000000000000000e+02 8.216354527967824631e-08
1.330000000000000000e+02 8.159155133342487753e-08
1.340000000000000000e+02 8.102598955027864693e-08
1.350000000000000000e+02 8.046680606859139088e-08
1.360000000000000000e+02 7.991395011342654002e-08
1.370000000000000000e+02 7.936736922935603491e-08
1.380000000000000000e+02 7.882700975815761947e-08
1.390000000000000000e+02 7.829281445340777528e-08
1.400000000000000000e+02 7.776472546122279730e-08
1.410000000000000000e+02 7.724268457746819660e-08
1.420000000000000000e+02 7.672663236294346467e-08
1.430000000000000000e+02 7.621650521890553179e-08
1.440000000000000000e+02 7.571223594444958654e-08
1.450000000000000000e+02 7.521376316206182277e-08
1.460000000000000000e+02 7.472102829897471157e-08
1.470000000000000000e+02 7.423396680451087152e-08
1.480000000000000000e+02 7.375251058729190338e-08
1.490000000000000000e+02 7.327659322821098585e-08
1.500000000000000000e+02 7.280614755884968126e-08
1.510000000000000000e+02 7.234110783743893933e-08
1.520000000000000000e+02 7.188140424439800622e-08
1.530000000000000000e+02 7.142696865645380116e-08
1.540000000000000000e+02 7.097773715589319876e-08
1.550000000000000000e+02 7.053364477611100481e-08
1.560000000000000000e+02 7.009462411498521815e-08
1.570000000000000000e+02 6.966060410774540699e-08
1.580000000000000000e+02 6.923151517738341145e-08
1.590000000000000000e+02 6.880728938966793008e-08
1.600000000000000000e+02 6.838785915952255675e-08
1.610000000000000000e+02 6.797315965201780258e-08
1.620000000000000000e+02 6.756312239014321676e-08
1.630000000000000000e+02 6.715767922671718126e-08
1.640000000000000000e+02 6.675676644476138840e-08
1.650000000000000000e+02 6.636031860587597901e-08
1.660000000000000000e+02 6.596826607019683403e-08
1.670000000000000000e+02 6.558054081711000857e-08
1.680000000000000000e+02 6.519707797647088367e-08
1.690000000000000000e+02 6.481781312102593535e-08
1.700000000000000000e+02 6.444268214886871521e-08
1.710000000000000000e+02 6.407162263692394798e-08
1.720000000000000000e+02 6.370457278256668204e-08
1.730000000000000000e+02 6.334146875161250348e-08
1.740000000000000000e+02 6.298224745618039052e-08
1.750000000000000000e+02 6.262684558484378733e-08
1.760000000000000000e+02 6.227519814236863309e-08
1.770000000000000000e+02 6.192724475046376081e-08
1.780000000000000000e+02 6.158292921719900420e-08
1.790000000000000000e+02 6.124219161878355276e-08
1.800000000000000000e+02 6.090497217730239842e-08
1.810000000000000000e+02 6.057121186921702268e-08
1.820000000000000000e+02 6.024085201506046654e-08
1.830000000000000000e+02 5.991383401479644438e-08
1.840000000000000000e+02 5.959010053057615580e-08
1.850000000000000000e+02 5.926959671354904257e-08
1.860000000000000000e+02 5.895226745120988479e-08
1.870000000000000000e+02 5.863805929745445366e-08
1.880000000000000000e+02 5.832691908507695612e-08
1.890000000000000000e+02 5.801879268894402638e-08
1.900000000000000000e+02 5.771362599181800227e-08
1.910000000000000000e+02 5.741136756080850196e-08
1.920000000000000000e+02 5.711196712806959645e-08
1.930000000000000000e+02 5.681537488144543716e-08
1.940000000000000000e+02 5.652154179495060930e-08
1.950000000000000000e+02 5.623042076394536404e-08
1.960000000000000000e+02 5.594196438889219604e-08
1.970000000000000000e+02 5.565612570176043315e-08
1.980000000000000000e+02 5.537285978656729548e-08
1.990000000000000000e+02 5.509211916505292891e-08
2.000000000000000000e+02 5.481385811094655728e-08
2.010000000000000000e+02 5.453803259865659469e-08
2.020000000000000000e+02 5.426460183648426865e-08
2.030000000000000000e+02 5.399352651704895001e-08
2.040000000000000000e+02 5.372476612844487469e-08
2.050000000000000000e+02 5.345827987794364871e-08
2.060000000000000000e+02 5.319402630670259141e-08
2.070000000000000000e+02 5.293196459219367726e-08
2.080000000000000000e+02 5.267205576467598450e-08
2.090000000000000000e+02 5.241426272757274031e-08
2.100000000000000000e+02 5.215854946130100129e-08
2.110000000000000000e+02 5.190488071657605817e-08
2.120000000000000000e+02 5.165322127169825896e-08
2.130000000000000000e+02 5.140353786464239453e-08
2.140000000000000000e+02 5.115579589090195069e-08
2.150000000000000000e+02 5.090995926687204432e-08
2.160000000000000000e+02 5.066599238416356373e-08
2.170000000000000000e+02 5.042386123281595311e-08
2.180000000000000000e+02 5.018353388637868109e-08
2.190000000000000000e+02 4.994498042805313756e-08
2.200000000000000000e+02 4.970817110500690185e-08
2.210000000000000000e+02 4.947307557003773148e-08
2.220000000000000000e+02 4.923966279923010122e-08
2.230000000000000000e+02 4.900790213534292757e-08
2.240000000000000000e+02 4.877776445244792219e-08
2.250000000000000000e+02 4.854922106233404907e-08
2.260000000000000000e+02 4.832224295125579057e-08
2.270000000000000000e+02 4.809680247008179911e-08
2.280000000000000000e+02 4.787287253871718316e-08
2.290000000000000000e+02 4.765042877757518411e-08
2.300000000000000000e+02 4.742944720931452785e-08
2.310000000000000000e+02 4.720990261837559490e-08
2.320000000000000000e+02 4.699176891663156038e-08
2.330000000000000000e+02 4.677502092505197417e-08
2.340000000000000000e+02 4.655963437372408236e-08
2.350000000000000000e+02 4.634558702243780443e-08
2.360000000000000000e+02 4.613285800266898226e-08
2.370000000000000000e+02 4.592142723313965642e-08
2.380000000000000000e+02 4.571127566499970034e-08
2.390000000000000000e+02 4.550238376201094223e-08
2.400000000000000000e+02 4.529473211986662697e-08
2.410000000000000000e+02 4.508830151584643958e-08
2.420000000000000000e+02 4.488307338279795119e-08
2.430000000000000000e+02 4.467902910121143605e-08
2.440000000000000000e+02 4.447615072352335639e-08
2.450000000000000000e+02 4.427442323161099746e-08
2.460000000000000000e+02 4.407383290174486418e-08
2.470000000000000000e+02 4.387436553853771148e-08
2.480000000000000000e+02 4.367600449765429106e-08
2.490000000000000000e+02 4.347873440745206001e-08
2.500000000000000000e+02 4.328254126485319393e-08
2.510000000000000000e+02 4.308741181158314532e-08
2.520000000000000000e+02 4.289333346501145564e-08
2.530000000000000000e+02 4.270029310152253278e-08
2.540000000000000000e+02 4.250827731779873964e-08
2.550000000000000000e+02 4.231727433053850974e-08
2.560000000000000000e+02 4.212727269973725092e-08
2.570000000000000000e+02 4.193826209269696852e-08
2.580000000000000000e+02 4.175023262103737813e-08
2.590000000000000000e+02 4.156317333658831971e-08
2.600000000000000000e+02 4.137707196147659446e-08
2.610000000000000000e+02 4.119191745273698532e-08
2.620000000000000000e+02 4.100770084748801835e-08
2.630000000000000000e+02 4.082441407888605948e-08
2.640000000000000000e+02 4.064204863819055153e-08
2.650000000000000000e+02 4.046059543778759648e-08
2.660000000000000000e+02 4.028004602927549234e-08
2.670000000000000000e+02 4.010039123783559265e-08
2.680000000000000000e+02 3.992162185169168805e-08
2.690000000000000000e+02 3.974372990268793332e-08
2.700000000000000000e+02 3.956670820587585680e-08
2.710000000000000000e+02 3.939055040030892956e-08
2.720000000000000000e+02 3.921524984324974149e-08
2.730000000000000000e+02 3.904079970203350376e-08
2.740000000000000000e+02 3.886719289693897861e-08
2.750000000000000000e+02 3.869442278685752749e-08
2.760000000000000000e+02 3.852248311031259892e-08
2.770000000000000000e+02 3.835136703867642927e-08
2.780000000000000000e+02 3.818106854566803271e-08
2.790000000000000000e+02 3.801158290244194063e-08
2.800000000000000000e+02 3.784290528853799122e-08
2.810000000000000000e+02 3.767503057463711845e-08
2.820000000000000000e+02 3.750795386911917485e-08
2.830000000000000000e+02 3.734167084490045428e-08
2.840000000000000000e+02 3.717617722289975914e-08
2.850000000000000000e+02 3.701146788734540216e-08
2.860000000000000000e+02 3.684753816788297415e-08
2.870000000000000000e+02 3.668438379834585654e-08
2.880000000000000000e+02 3.652200069110522062e-08
2.890000000000000000e+02 3.636038590603530655e-08
2.900000000000000000e+02 3.619953660064113884e-08
2.910000000000000000e+02 3.603944967511457772e-08
2.920000000000000000e+02 3.588012178047977182e-08
2.930000000000000000e+02 3.572154953730075103e-08
2.940000000000000000e+02 3.556372890773917589e-08
2.950000000000000000e+02 3.540665609896335598e-08
2.960000000000000000e+02 3.525032833799260911e-08
2.970000000000000000e+02 3.509474364879854938e-08
2.980000000000000000e+02 3.493990002499777042e-08
2.990000000000000000e+02 3.478579524878996349e-08
3.000000000000000000e+02 3.463242740978670729e-08
3.010000000000000000e+02 3.447979484646388891e-08
3.020000000000000000e+02 3.432789585155951550e-08
3.030000000000000000e+02 3.417672800569967964e-08
3.040000000000000000e+02 3.402628915393265331e-08
3.050000000000000000e+02 3.387657698745934009e-08
3.060000000000000000e+02 3.372758927630360390e-08
3.070000000000000000e+02 3.357932421728520273e-08
3.080000000000000000e+02 3.343178088698373320e-08
3.090000000000000000e+02 3.328495882949969921e-08
3.100000000000000000e+02 3.313885738363503959e-08
3.110000000000000000e+02 3.299347591119073546e-08
3.120000000000000000e+02 3.284881307967553394e-08
3.130000000000000000e+02 3.270486698265666423e-08
3.140000000000000000e+02 3.256163583090543676e-08
3.150000000000000000e+02 3.241911837061470521e-08
3.160000000000000000e+02 3.227731328019742920e-08
3.170000000000000000e+02 3.213621997632705836e-08
3.180000000000000000e+02 3.199583779158507378e-08
3.190000000000000000e+02 3.185616625155704349e-08
3.200000000000000000e+02 3.171720538050984602e-08
3.210000000000000000e+02 3.157895466161471497e-08
3.220000000000000000e+02 3.144141307581263779e-08
3.230000000000000000e+02 3.130457917702223244e-08
3.240000000000000000e+02 3.116845149594216449e-08
3.250000000000000000e+02 3.103302858765202305e-08
3.260000000000000000e+02 3.089830978403483114e-08
3.270000000000000000e+02 3.076429494221665125e-08
3.280000000000000000e+02 3.063098452379761050e-08
3.290000000000000000e+02 3.049837893408947247e-08
3.300000000000000000e+02 3.036647796603233991e-08
3.310000000000000000e+02 3.023528020671608361e-08
3.320000000000000000e+02 3.010478370960470787e-08
3.330000000000000000e+02 2.997498657009142655e-08
3.340000000000000000e+02 2.984588781678084303e-08
3.350000000000000000e+02 2.971748747468836150e-08
3.360000000000000000e+02 2.958978593761626849e-08
3.370000000000000000e+02 2.946278327591127230e-08
3.380000000000000000e+02 2.933647904214360740e-08
3.390000000000000000e+02 2.921087225348997009e-08
3.400000000000000000e+02 2.908596141279670655e-08
3.410000000000000000e+02 2.896174519636708533e-08
3.420000000000000000e+02 2.883822235646269971e-08
3.430000000000000000e+02 2.871539186932864935e-08
3.440000000000000000e+02 2.859325340894550309e-08
3.450000000000000000e+02 2.847180644096795579e-08
3.460000000000000000e+02 2.835105030951234680e-08
3.470000000000000000e+02 2.823098440427978431e-08
3.480000000000000000e+02 2.811160796784470164e-08
3.490000000000000000e+02 2.799291978900618286e-08
3.500000000000000000e+02 2.787491827278828097e-08
3.510000000000000000e+02 2.775760157621986255e-08
3.520000000000000000e+02 2.764096754717791243e-08
3.530000000000000000e+02 2.752501487961281338e-08
3.540000000000000000e+02 2.740974360781619133e-08
3.550000000000000000e+02 2.729515369236222939e-08
3.560000000000000000e+02 2.718124444782234745e-08
3.570000000000000000e+02 2.706801467239396968e-08
3.580000000000000000e+02 2.695546239909283499e-08
3.590000000000000000e+02 2.684358532092908945e-08
3.600000000000000000e+02 2.673238108959666009e-08
3.610000000000000000e+02 2.662184769769641236e-08
3.620000000000000000e+02 2.651198353185197829e-08
3.630000000000000000e+02 2.640278761641344384e-08
3.640000000000000000e+02 2.629425950774863299e-08
3.650000000000000000e+02 2.618639783552645252e-08
3.660000000000000000e+02 2.607920070553371017e-08
3.670000000000000000e+02 2.597266620475376712e-08
3.680000000000000000e+02 2.586679232883780670e-08
3.690000000000000000e+02 2.576157641799912253e-08
3.700000000000000000e+02 2.565701577513141157e-08
3.710000000000000000e+02 2.555310786744126804e-08
3.720000000000000000e+02 2.544985056639248711e-08
3.730000000000000000e+02 2.534724247044283970e-08
3.740000000000000000e+02 2.524528237921580276e-08
3.750000000000000000e+02 2.514396877865804537e-08
3.760000000000000000e+02 2.504329965453518815e-08
3.770000000000000000e+02 2.494327234702499567e-08
3.780000000000000000e+02 2.484388395135204579e-08
3.790000000000000000e+02 2.474513127139742922e-08
3.800000000000000000e+02 2.464701138631738970e-08
3.810000000000000000e+02 2.454952151111044792e-08
3.820000000000000000e+02 2.445265899300879634e-08
3.830000000000000000e+02 2.435642187895064926e-08
3.840000000000000000e+02 2.426080841474698899e-08
3.850000000000000000e+02 2.416581635586511056e-08
3.860000000000000000e+02 2.407144299991050225e-08
3.870000000000000000e+02 2.397768539450481454e-08
3.880000000000000000e+02 2.388454065018480385e-08
3.890000000000000000e+02 2.379200522239870821e-08
3.900000000000000000e+02 2.370007530460882503e-08
3.910000000000000000e+02 2.360874742263155441e-08
3.920000000000000000e+02 2.351801860348421563e-08
3.930000000000000000e+02 2.342788645319059522e-08
3.940000000000000000e+02 2.333834852261906908e-08
3.950000000000000000e+02 2.324940226563687203e-08
3.960000000000000000e+02 2.316104484178491859e-08
3.970000000000000000e+02 2.307327274290322475e-08
3.980000000000000000e+02 2.298608232699850642e-08
3.990000000000000000e+02 2.289947015184823806e-08
4.000000000000000000e+02 2.281343253116240277e-08
4.010000000000000000e+02 2.272796563345259254e-08
4.020000000000000000e+02 2.264306591785984768e-08
4.030000000000000000e+02 2.255873040598612788e-08
4.040000000000000000e+02 2.247495621918540579e-08
4.050000000000000000e+02 2.239174020925001619e-08
4.060000000000000000e+02 2.230907903648596090e-08
4.070000000000000000e+02 2.222696943493609025e-08
4.080000000000000000e+02 2.214540802937010161e-08
4.090000000000000000e+02 2.206439082914106384e-08
4.100000000000000000e+02 2.198391345483910243e-08
4.110000000000000000e+02 2.190397179963875012e-08
4.120000000000000000e+02 2.182456208447961307e-08
4.130000000000000000e+02 2.174568067408944488e-08
4.140000000000000000e+02 2.166732437560512247e-08
4.150000000000000000e+02 2.158949007207189901e-08
4.160000000000000000e+02 2.151217461412828496e-08
4.170000000000000000e+02 2.143537464844886183e-08
4.180000000000000000e+02 2.135908633439598860e-08
4.190000000000000000e+02 2.128330547490851423e-08
4.200000000000000000e+02 2.120802781690636666e-08
4.210000000000000000e+02 2.113324930520027583e-08
4.220000000000000000e+02 2.105896568969608324e-08
4.230000000000000000e+02 2.098517282188915228e-08
4.240000000000000000e+02 2.091186725600336962e-08
4.250000000000000000e+02 2.083904595428640306e-08
4.260000000000000000e+02 2.076670554851052685e-08
4.270000000000000000e+02 2.069484236201928128e-08
4.280000000000000000e+02 2.062345273381840831e-08
4.290000000000000000e+02 2.055253282477885247e-08
4.300000000000000000e+02 2.048207838362319654e-08
4.310000000000000000e+02 2.041208504214695494e-08
4.320000000000000000e+02 2.034254858602544591e-08
4.330000000000000000e+02 2.027346490612200995e-08
4.340000000000000000e+02 2.020482997639208335e-08
4.350000000000000000e+02 2.013664020256135290e-08
4.360000000000000000e+02 2.006889202840164791e-08
4.370000000000000000e+02 2.000158192979556193e-08
4.380000000000000000e+02 1.993470653976201312e-08
4.390000000000000000e+02 1.986826242839991679e-08
4.400000000000000000e+02 1.980224571505212766e-08
4.410000000000000000e+02 1.973665204566057650e-08
4.420000000000000000e+02 1.967147712770033266e-08
4.430000000000000000e+02 1.960671689615437337e-08
4.440000000000000000e+02 1.954236711688767979e-08
4.450000000000000000e+02 1.947842382342190050e-08
4.460000000000000000e+02 1.941488336891932511e-08
4.470000000000000000e+02 1.935174227366158570e-08
4.480000000000000000e+02 1.928899712998027682e-08
4.490000000000000000e+02 1.922664438322309951e-08
4.500000000000000000e+02 1.916468032480469039e-08
4.510000000000000000e+02 1.910310101267538963e-08
4.520000000000000000e+02 1.904190265019972337e-08
4.530000000000000000e+02 1.898108135042981461e-08
4.540000000000000000e+02 1.892063295151455028e-08
4.550000000000000000e+02 1.886055341383813197e-08
4.560000000000000000e+02 1.880083882943726917e-08
4.570000000000000000e+02 1.874148550819127491e-08
4.580000000000000000e+02 1.868248973882676978e-08
4.590000000000000000e+02 1.862384799024446651e-08
4.600000000000000000e+02 1.856555684593693926e-08
4.610000000000000000e+02 1.850761296431295188e-08
4.620000000000000000e+02 1.845001279931879415e-08
4.630000000000000000e+02 1.839275256217512687e-08
4.640000000000000000e+02 1.833582848133725637e-08
4.650000000000000000e+02 1.827923699521972378e-08
4.660000000000000000e+02 1.822297446144605854e-08
4.670000000000000000e+02 1.816703715678553553e-08
4.680000000000000000e+02 1.811142133051000051e-08
4.690000000000000000e+02 1.805612344169007094e-08
4.700000000000000000e+02 1.800114011511661007e-08
4.710000000000000000e+02 1.794646797128595464e-08
4.720000000000000000e+02 1.789210367331716247e-08
4.730000000000000000e+02 1.783804373413573186e-08
4.740000000000000000e+02 1.778428468156379393e-08
4.750000000000000000e+02 1.773082318328436228e-08
4.760000000000000000e+02 1.767765604733101068e-08
4.770000000000000000e+02 1.762477977441887702e-08
4.780000000000000000e+02 1.757219088832475239e-08
4.790000000000000000e+02 1.751988622912303173e-08
4.800000000000000000e+02 1.746786269220534033e-08
4.810000000000000000e+02 1.741611702558465282e-08
4.820000000000000000e+02 1.736464590484467271e-08
4.830000000000000000e+02 1.731344592406939323e-08
4.840000000000000000e+02 1.726251380461867312e-08
4.850000000000000000e+02 1.721184617167591587e-08
4.860000000000000000e+02 1.716143963557626237e-08
4.870000000000000000e+02 1.711129116465772598e-08
4.880000000000000000e+02 1.706139802248072842e-08
4.890000000000000000e+02 1.701175753083668528e-08
4.900000000000000000e+02 1.696236684291687418e-08
4.910000000000000000e+02 1.691322297348706366e-08
4.920000000000000000e+02 1.686432301524618117e-08
4.930000000000000000e+02 1.681566408536072986e-08
4.940000000000000000e+02 1.676724312207936325e-08
4.950000000000000000e+02 1.671905680316039632e-08
4.960000000000000000e+02 1.667110181610308254e-08
4.970000000000000000e+02 1.662337529307852806e-08
4.980000000000000000e+02 1.657587456127306013e-08
4.990000000000000000e+02 1.652859704907928188e-08
5.000000000000000000e+02 1.648154024618764844e-08
5.010000000000000000e+02 1.643470172232145606e-08
5.020000000000000000e+02 1.638807910134802115e-08
5.030000000000000000e+02 1.634167002738149713e-08
5.040000000000000000e+02 1.629547208539076742e-08
5.050000000000000000e+02 1.624948266227237048e-08
5.060000000000000000e+02 1.620369889390491537e-08
5.070000000000000000e+02 1.615811795153665859e-08
5.080000000000000000e+02 1.611273720957154744e-08
5.090000000000000000e+02 1.606755416339111246e-08
5.100000000000000000e+02 1.602256634822588008e-08
5.110000000000000000e+02 1.597777152055302036e-08
5.120000000000000000e+02 1.593316768418323796e-08
5.130000000000000000e+02 1.588875287050766920e-08
5.140000000000000000e+02 1.584452492618878274e-08
5.150000000000000000e+02 1.580048171557384776e-08
5.160000000000000000e+02 1.575662110075010730e-08
5.170000000000000000e+02 1.571294092018823869e-08
5.180000000000000000e+02 1.566943884425958292e-08
5.190000000000000000e+02 1.562611243012648025e-08
5.200000000000000000e+02 1.558295954947321580e-08
5.210000000000000000e+02 1.553997828652187630e-08
5.220000000000000000e+02 1.549716683210827937e-08
5.230000000000000000e+02 1.545452330490084694e-08
5.240000000000000000e+02 1.541204576019167230e-08
5.250000000000000000e+02 1.536973225435088350e-08
5.260000000000000000e+02 1.532758097723722580e-08
5.270000000000000000e+02 1.528559025695221609e-08
5.280000000000000000e+02 1.524375844684388640e-08
5.290000000000000000e+02 1.520208378350255401e-08
5.300000000000000000e+02 1.516056459386460560e-08
5.310000000000000000e+02 1.511919929505508478e-08
5.320000000000000000e+02 1.507798630453568113e-08
5.330000000000000000e+02 1.503692411166173608e-08
5.340000000000000000e+02 1.499601111882549517e-08
5.350000000000000000e+02 1.495524567416015928e-08
5.360000000000000000e+02 1.491462626103299360e-08
5.370000000000000000e+02 1.487415142242251225e-08
5.380000000000000000e+02 1.483381972026510886e-08
5.390000000000000000e+02 1.479362976485173202e-08
5.400000000000000000e+02 1.475358022064794959e-08
5.410000000000000000e+02 1.471366979884808902e-08
5.420000000000000000e+02 1.467389728469772935e-08
5.430000000000000000e+02 1.463426136481323013e-08
5.440000000000000000e+02 1.459476078557289893e-08
5.450000000000000000e+02 1.455539438670892507e-08
5.460000000000000000e+02 1.451616113234641063e-08
5.470000000000000000e+02 1.447705988869354823e-08
5.480000000000000000e+02 1.443808933960593745e-08
5.490000000000000000e+02 1.439924825068288820e-08
5.500000000000000000e+02 1.436053544778234400e-08
5.510000000000000000e+02 1.432194994948946137e-08
5.520000000000000000e+02 1.428349080923268612e-08
5.530000000000000000e+02 1.424515702309140020e-08
5.540000000000000000e+02 1.420694769498560231e-08
5.550000000000000000e+02 1.416886200129096593e-08
5.560000000000000000e+02 1.413089909305529288e-08
5.570000000000000000e+02 1.409305813646723291e-08
5.580000000000000000e+02 1.405533832312896860e-08
5.590000000000000000e+02 1.401773874069959689e-08
5.600000000000000000e+02 1.398025856603116458e-08
5.610000000000000000e+02 1.394289699846957667e-08
5.620000000000000000e+02 1.390565321366488397e-08
5.630000000000000000e+02 1.386852640757354613e-08
5.640000000000000000e+02 1.383151589322827491e-08
5.650000000000000000e+02 1.379462104030814603e-08
5.660000000000000000e+02 1.375784120284164550e-08
5.670000000000000000e+02 1.372117585297338166e-08
5.680000000000000000e+02 1.368462441611227313e-08
5.690000000000000000e+02 1.364818624309572013e-08
5.700000000000000000e+02 1.361186076611942825e-08
5.710000000000000000e+02 1.357564745727691585e-08
5.720000000000000000e+02 1.353954566906034804e-08
5.730000000000000000e+02 1.350355475342441279e-08
5.740000000000000000e+02 1.346767414193564556e-08
5.750000000000000000e+02 1.343190331218214833e-08
5.760000000000000000e+02 1.339624189541970805e-08
5.770000000000000000e+02 1.336068954958401828e-08
5.780000000000000000e+02 1.332524591446638886e-08
5.790000000000000000e+02 1.328991061526823194e-08
5.800000000000000000e+02 1.325468329773101566e-08
5.810000000000000000e+02 1.321956364166341170e-08
5.820000000000000000e+02 1.318455119415448450e-08
5.830000000000000000e+02 1.314964549407824687e-08
5.840000000000000000e+02 1.311484614446781117e-08
5.850000000000000000e+02 1.308015283232408527e-08
5.860000000000000000e+02 1.304556529721501710e-08
5.870000000000000000e+02 1.301108319385441356e-08
5.880000000000000000e+02 1.297670617176920745e-08
5.890000000000000000e+02 1.294243399737162407e-08
5.900000000000000000e+02 1.290826657917994286e-08
5.910000000000000000e+02 1.287420375311614283e-08
5.920000000000000000e+02 1.284024534887474895e-08
5.930000000000000000e+02 1.280639120476057625e-08
5.940000000000000000e+02 1.277264112299123469e-08
5.950000000000000000e+02 1.273899495104774336e-08
5.960000000000000000e+02 1.270545245107798483e-08
5.970000000000000000e+02 1.267201333502328889e-08
5.980000000000000000e+02 1.263867733504609035e-08
5.990000000000000000e+02 1.260544424134467609e-08
6.000000000000000000e+02 1.257231390110338696e-08
