0.000000000000000000e+00 2.359687334464166425e-08
1.000000000000000000e+00 5.280487047948373914e-08
2.000000000000000000e+00 7.408914701484243899e-08
3.000000000000000000e+00 9.128903960198102191e-08
4.000000000000000000e+00 1.055250207779523613e-07
5.000000000000000000e+00 1.176787655896534355e-07
6.000000000000000000e+00 1.281749669861365396e-07
7.000000000000000000e+00 1.372644848509549344e-07
8.000000000000000000e+00 1.452457747782674276e-07
9.000000000000000000e+00 1.522845006446823906e-07
1.000000000000000000e+01 1.584717565771575891e-07
1.100000000000000000e+01 1.639340226168791048e-07
1.200000000000000000e+01 1.687820491973918446e-07
1.300000000000000000e+01 1.730771746010667070e-07
1.400000000000000000e+01 1.768685017773410981e-07
1.500000000000000000e+01 1.802115094026584643e-07
1.600000000000000000e+01 1.831578158712887104e-07
1.700000000000000000e+01 1.857505586676981703e-07
1.800000000000000000e+01 1.880223168265294519e-07
1.900000000000000000e+01 1.899965144500496363e-07
2.000000000000000000e+01 1.916972448259656076e-07
2.100000000000000000e+01 1.931529944466395340e-07
2.200000000000000000e+01 1.943887845130682562e-07
2.300000000000000000e+01 1.954228683945992055e-07
2.400000000000000000e+01 1.962692159077562441e-07
2.500000000000000000e+01 1.969412184583732953e-07
2.600000000000000000e+01 1.974528876688470747e-07
2.700000000000000000e+01 1.978185743638378898e-07
2.800000000000000000e+01 1.980512628002521400e-07
2.900000000000000000e+01 1.981613928080963938e-07
3.000000000000000000e+01 1.981578140851975189e-07
3.100000000000000000e+01 1.980484836532716785e-07
3.200000000000000000e+01 1.978410035336586184e-07
3.300000000000000000e+01 1.975427541921258049e-07
3.400000000000000000e+01 1.971610067458368321e-07
3.500000000000000000e+01 1.967028782151011238e-07
3.600000000000000000e+01 1.961746537929960899e-07
3.700000000000000000e+01 1.955816671177362764e-07
3.800000000000000000e+01 1.949281341320981960e-07
3.900000000000000000e+01 1.942182521154585449e-07
4.000000000000000000e+01 1.934562546263136877e-07
4.100000000000000000e+01 1.926464291818542526e-07
4.200000000000000000e+01 1.917929599789770817e-07
4.300000000000000000e+01 1.908995305378622798e-07
4.400000000000000000e+01 1.899694430339755942e-07
4.500000000000000000e+01 1.890056553985364507e-07
4.600000000000000000e+01 1.880107518142713790e-07
4.700000000000000000e+01 1.869872376391123966e-07
4.800000000000000000e+01 1.859374400064387877e-07
4.900000000000000000e+01 1.848637875559547089e-07
5.000000000000000000e+01 1.837685773174414360e-07
5.100000000000000000e+01 1.826539103217204577e-07
5.200000000000000000e+01 1.815218358146153944e-07
5.300000000000000000e+01 1.803741682529086839e-07
5.400000000000000000e+01 1.792125311264439112e-07
5.500000000000000000e+01 1.780384478628966065e-07
5.600000000000000000e+01 1.768532496915734224e-07
5.700000000000000000e+01 1.756582623089492534e-07
5.800000000000000000e+01 1.744547940457016130e-07
5.900000000000000000e+01 1.732440555390237100e-07
6.000000000000000000e+01 1.720273797456405963e-07
6.100000000000000000e+01 1.708058754734180938e-07
6.200000000000000000e+01 1.695805555810483117e-07
6.300000000000000000e+01 1.683524072546845878e-07
6.400000000000000000e+01 1.671221931869062814e-07
6.500000000000000000e+01 1.658907455383810642e-07
6.600000000000000000e+01 1.646588595618361965e-07
6.700000000000000000e+01 1.634272683274348705e-07
6.800000000000000000e+01 1.621966309812016039e-07
6.900000000000000000e+01 1.609675694489163058e-07
7.000000000000000000e+01 1.597407305262678972e-07
7.100000000000000000e+01 1.585167582833363969e-07
7.200000000000000000e+01 1.572961907998863610e-07
7.300000000000000000e+01 1.560795388679799632e-07
7.400000000000000000e+01 1.548673050541447292e-07
7.500000000000000000e+01 1.536598696180633339e-07
7.600000000000000000e+01 1.524576182899935533e-07
7.700000000000000000e+01 1.512608981119550124e-07
7.800000000000000000e+01 1.500700787951382940e-07
7.900000000000000000e+01 1.488854910268081763e-07
8.000000000000000000e+01 1.477074892954755992e-07
8.100000000000000000e+01 1.465363534417437155e-07
8.200000000000000000e+01 1.453723657951697157e-07
8.300000000000000000e+01 1.442157815321035552e-07
8.400000000000000000e+01 1.430668109734724063e-07
8.500000000000000000e+01 1.419256838362725960e-07
8.600000000000000000e+01 1.407926210109774250e-07
8.700000000000000000e+01 1.396677723542310551e-07
8.800000000000000000e+01 1.385512907837761570e-07
8.900000000000000000e+01 1.374433307071264520e-07
9.000000000000000000e+01 1.363440160394085503e-07
9.100000000000000000e+01 1.352534592815899070e-07
9.200000000000000000e+01 1.341717751134673389e-07
9.300000000000000000e+01 1.330990919867189559e-07
9.400000000000000000e+01 1.320355342309825848e-07
9.500000000000000000e+01 1.309811540642350905e-07
9.600000000000000000e+01 1.299360173611374354e-07
9.700000000000000000e+01 1.289002262833629830e-07
9.800000000000000000e+01 1.278737998678389446e-07
9.900000000000000000e+01 1.268567571753919899e-07
1.000000000000000000e+02 1.258491386455626950e-07
1.010000000000000000e+02 1.248509989507833959e-07
1.020000000000000000e+02 1.238623546103356663e-07
1.030000000000000000e+02 1.228832021868835468e-07
1.040000000000000000e+02 1.219135749296300471e-07
1.050000000000000000e+02 1.209534534627491472e-07
1.060000000000000000e+02 1.200028189030058580e-07
1.070000000000000000e+02 1.190617035011084029e-07
1.080000000000000000e+02 1.181300752921757504e-07
1.090000000000000000e+02 1.172079047931988639e-07
1.100000000000000000e+02 1.162952214062995540e-07
1.110000000000000000e+02 1.153919839837215224e-07
1.120000000000000000e+02 1.144981308872867511e-07
1.130000000000000000e+02 1.136136217921840988e-07
1.140000000000000000e+02 1.127384049011765471e-07
1.150000000000000000e+02 1.118724511044341387e-07
1.160000000000000000e+02 1.110157301528187656e-07
1.170000000000000000e+02 1.101681892444001949e-07
1.180000000000000000e+02 1.093297746424307370e-07
1.190000000000000000e+02 1.085004476870525828e-07
1.200000000000000000e+02 1.076801260378778336e-07
1.210000000000000000e+02 1.068687367308603908e-07
1.220000000000000000e+02 1.060662299669779760e-07
1.230000000000000000e+02 1.052725598872121478e-07
1.240000000000000000e+02 1.044876605133019658e-07
1.250000000000000000e+02 1.037114709406368036e-07
1.260000000000000000e+02 1.029439268193921791e-07
1.270000000000000000e+02 1.021849212301318136e-07
1.280000000000000000e+02 1.014343745293634978e-07
1.290000000000000000e+02 1.006922415520957706e-07
1.300000000000000000e+02 9.995844267964739437e-08
1.310000000000000000e+02 9.923288900301979846e-08
1.320000000000000000e+02 9.851553036192679816e-08
1.330000000000000000e+02 9.780629205824994911e-08
1.340000000000000000e+02 9.710507288665445335e-08
1.350000000000000000e+02 9.641178362456015095e-08
1.360000000000000000e+02 9.572635471832584759e-08
1.370000000000000000e+02 9.504870832328415913e-08
1.380000000000000000e+02 9.437876289920763356e-08
1.390000000000000000e+02 9.371644012297491493e-08
1.400000000000000000e+02 9.306166357362964925e-08
1.410000000000000000e+02 9.241434718083013666e-08
1.420000000000000000e+02 9.177441077136106533e-08
1.430000000000000000e+02 9.114176540291711310e-08
1.440000000000000000e+02 9.051630415321372062e-08
1.450000000000000000e+02 8.989795292502007800e-08
1.460000000000000000e+02 8.928665431456270465e-08
1.470000000000000000e+02 8.868232502936876374e-08
1.480000000000000000e+02 8.808486898913160003e-08
1.490000000000000000e+02 8.749419965298432614e-08
1.500000000000000000e+02 8.691023693225396223e-08
1.510000000000000000e+02 8.633290019598549479e-08
1.520000000000000000e+02 8.576209430830508448e-08
1.530000000000000000e+02 8.519773123647079024e-08
1.540000000000000000e+02 8.463974468363206624e-08
1.550000000000000000e+02 8.408806840905623169e-08
1.560000000000000000e+02 8.354262141215347105e-08
1.570000000000000000e+02 8.300330630280321803e-08
1.580000000000000000e+02 8.247003266723623502e-08
1.590000000000000000e+02 8.194271991182140654e-08
1.600000000000000000e+02 8.142129395317512471e-08
1.610000000000000000e+02 8.090568257739475997e-08
1.620000000000000000e+02 8.039579990859348819e-08
1.630000000000000000e+02 7.989156735953253381e-08
1.640000000000000000e+02 7.939292195847604600e-08
1.650000000000000000e+02 7.889979212843834373e-08
1.660000000000000000e+02 7.841208452948057452e-08
1.670000000000000000e+02 7.792971105257413814e-08
1.680000000000000000e+02 7.745260222304801898e-08
1.690000000000000000e+02 7.698068861784578933e-08
1.700000000000000000e+02 7.651389421390519276e-08
1.710000000000000000e+02 7.605215129222602617e-08
1.720000000000000000e+02 7.559539532580013212e-08
1.730000000000000000e+02 7.514355379813871900e-08
1.740000000000000000e+02 7.469655247396080603e-08
1.750000000000000000e+02 7.425431364530844592e-08
1.760000000000000000e+02 7.381675343611466847e-08
1.770000000000000000e+02 7.338380532705964178e-08
1.780000000000000000e+02 7.295541881371317386e-08
1.790000000000000000e+02 7.253152941437654078e-08
1.800000000000000000e+02 7.211206314572560729e-08
1.810000000000000000e+02 7.169694963004884506e-08
1.820000000000000000e+02 7.128612483066757624e-08
1.830000000000000000e+02 7.087952123833478848e-08
1.840000000000000000e+02 7.047707074915535754e-08
1.850000000000000000e+02 7.007871128349708240e-08
1.860000000000000000e+02 6.968438001153114178e-08
1.870000000000000000e+02 6.929402006417258397e-08
1.880000000000000000e+02 6.890757439293478636e-08
1.890000000000000000e+02 6.852497875550399578e-08
1.900000000000000000e+02 6.814616487170333065e-08
1.910000000000000000e+02 6.777107095069223813e-08
1.920000000000000000e+02 6.739964302542850814e-08
1.930000000000000000e+02 6.703182849482542367e-08
1.940000000000000000e+02 6.666757264987624261e-08
1.950000000000000000e+02 6.630681909172164227e-08
1.960000000000000000e+02 6.594951148340517507e-08
1.970000000000000000e+02 6.559559803138675105e-08
1.980000000000000000e+02 6.524503036565111596e-08
1.990000000000000000e+02 6.489774815956297035e-08
2.000000000000000000e+02 6.455369264319918472e-08
2.010000000000000000e+02 6.421281154757384219e-08
2.020000000000000000e+02 6.387506405430181494e-08
2.030000000000000000e+02 6.354041221985588255e-08
2.040000000000000000e+02 6.320881230490735003e-08
2.050000000000000000e+02 6.288021270656523116e-08
2.060000000000000000e+02 6.255455864173113110e-08
2.070000000000000000e+02 6.223179961927755003e-08
2.080000000000000000e+02 6.191188966870450663e-08
2.090000000000000000e+02 6.159478669178301261e-08
2.100000000000000000e+02 6.128044942231844247e-08
2.110000000000000000e+02 6.096883750406259602e-08
2.120000000000000000e+02 6.065991134676357239e-08
2.130000000000000000e+02 6.035363644194850821e-08
2.140000000000000000e+02 6.004997195699599439e-08
2.150000000000000000e+02 5.974887054102619427e-08
2.160000000000000000e+02 5.945028257296972320e-08
2.170000000000000000e+02 5.915416402080936365e-08
2.180000000000000000e+02 5.886047770183612992e-08
2.190000000000000000e+02 5.856919264418105828e-08
2.200000000000000000e+02 5.828027730544666054e-08
2.210000000000000000e+02 5.799369441326698927e-08
2.220000000000000000e+02 5.770940218563098929e-08
2.230000000000000000e+02 5.742736000411692185e-08
2.240000000000000000e+02 5.714753225872999856e-08
2.250000000000000000e+02 5.686988351585095101e-08
2.260000000000000000e+02 5.659437491890279667e-08
2.270000000000000000e+02 5.632096982642235123e-08
2.280000000000000000e+02 5.604963428344980656e-08
2.290000000000000000e+02 5.578034037862866045e-08
2.300000000000000000e+02 5.551306016842044602e-08
2.310000000000000000e+02 5.524776170314442248e-08
2.320000000000000000e+02 5.498440857128747478e-08
2.330000000000000000e+02 5.472296499125575975e-08
2.340000000000000000e+02 5.446339606711046993e-08
2.350000000000000000e+02 5.420567045716063866e-08
2.360000000000000000e+02 5.394976231495412715e-08
2.370000000000000000e+02 5.369564841579370382e-08
2.380000000000000000e+02 5.344330620922779449e-08
2.390000000000000000e+02 5.319270904199379097e-08
2.400000000000000000e+02 5.294382910204430501e-08
2.410000000000000000e+02 5.269663894309884724e-08
2.420000000000000000e+02 5.245111109643135587e-08
2.430000000000000000e+02 5.220721713556326091e-08
2.440000000000000000e+02 5.196493100303811225e-08
2.450000000000000000e+02 5.172423454342292975e-08
2.460000000000000000e+02 5.148511230772717901e-08
2.470000000000000000e+02 5.124754583891898763e-08
2.480000000000000000e+02 5.101150799740159652e-08
2.490000000000000000e+02 5.077697407497645505e-08
2.500000000000000000e+02 5.054392408198038961e-08
2.510000000000000000e+02 5.031234092783603575e-08
2.520000000000000000e+02 5.008220696198000091e-08
2.530000000000000000e+02 4.985350116113713982e-08
2.540000000000000000e+02 4.962620164923115157e-08
2.550000000000000000e+02 4.940029004967891127e-08
2.560000000000000000e+02 4.917575038424431659e-08
2.570000000000000000e+02 4.895256899142412221e-08
2.580000000000000000e+02 4.873073176636704667e-08
2.590000000000000000e+02 4.851022083308497443e-08
2.600000000000000000e+02 4.829101451287771827e-08
2.610000000000000000e+02 4.807309472674111319e-08
2.620000000000000000e+02 4.785644774070258071e-08
2.630000000000000000e+02 4.764106165406123202e-08
2.640000000000000000e+02 4.742692413900778205e-08
2.650000000000000000e+02 4.721402016081929155e-08
2.660000000000000000e+02 4.700233572411957659e-08
2.670000000000000000e+02 4.679185425676050123e-08
2.680000000000000000e+02 4.658255909491388251e-08
2.690000000000000000e+02 4.637443612188190895e-08
2.700000000000000000e+02 4.616747355728850707e-08
2.710000000000000000e+02 4.596166170601657222e-08
2.720000000000000000e+02 4.575699054810527350e-08
2.730000000000000000e+02 4.555344837070546644e-08
2.740000000000000000e+02 4.535102194431471797e-08
2.750000000000000000e+02 4.514969827452726296e-08
2.760000000000000000e+02 4.494946504930093101e-08
2.770000000000000000e+02 4.475030938812526947e-08
2.780000000000000000e+02 4.455222027175643076e-08
2.790000000000000000e+02 4.435518878833622042e-08
2.800000000000000000e+02 4.415920637314966919e-08
2.810000000000000000e+02 4.396426376823016040e-08
2.820000000000000000e+02 4.377035093041741160e-08
2.830000000000000000e+02 4.357745940198791808e-08
2.840000000000000000e+02 4.338558047625921080e-08
2.850000000000000000e+02 4.319470382193440013e-08
2.860000000000000000e+02 4.300481908055353357e-08
2.870000000000000000e+02 4.281591640423540051e-08
2.880000000000000000e+02 4.262798765903124047e-08
2.890000000000000000e+02 4.244102744931157296e-08
2.900000000000000000e+02 4.225503042808119356e-08
2.910000000000000000e+02 4.206998987840248686e-08
2.920000000000000000e+02 4.188589764967241658e-08
2.930000000000000000e+02 4.170274554493977262e-08
2.940000000000000000e+02 4.152052375998920968e-08
2.950000000000000000e+02 4.133922326108386252e-08
2.960000000000000000e+02 4.115883756377749563e-08
2.970000000000000000e+02 4.097936169890795321e-08
2.980000000000000000e+02 4.080079130146574139e-08
2.990000000000000000e+02 4.062312124534650915e-08
3.000000000000000000e+02 4.044634678757758192e-08
3.010000000000000000e+02 4.027046334157688326e-08
3.020000000000000000e+02 4.009546649655599135e-08
3.030000000000000000e+02 3.992135011177007671e-08
3.040000000000000000e+02 3.974810741509235774e-08
3.050000000000000000e+02 3.957573132561763653e-08
3.060000000000000000e+02 3.940421533764410705e-08
3.070000000000000000e+02 3.923355413839350634e-08
3.080000000000000000e+02 3.906374519869264743e-08
3.090000000000000000e+02 3.889478717062550309e-08
3.100000000000000000e+02 3.872667815081244598e-08
3.110000000000000000e+02 3.855941588953350498e-08
3.120000000000000000e+02 3.839299584179655001e-08
3.130000000000000000e+02 3.822741224132885954e-08
3.140000000000000000e+02 3.806265963772282948e-08
3.150000000000000000e+02 3.789873334249131857e-08
3.160000000000000000e+02 3.773562944852700612e-08
3.170000000000000000e+02 3.757334581962895233e-08
3.180000000000000000e+02 3.741188010333654972e-08
3.190000000000000000e+02 3.725123073836797160e-08
3.200000000000000000e+02 3.709139676849857188e-08
3.210000000000000000e+02 3.693237590768437735e-08
3.220000000000000000e+02 3.677416474251945270e-08
3.230000000000000000e+02 3.661675852030203015e-08
3.240000000000000000e+02 3.646015294000782879e-08
3.250000000000000000e+02 3.630434392943869706e-08
3.260000000000000000e+02 3.614932930032992170e-08
3.270000000000000000e+02 3.599510816545889353e-08
3.280000000000000000e+02 3.584168119388797094e-08
3.290000000000000000e+02 3.568904927081250227e-08
3.300000000000000000e+02 3.553721134347973515e-08
3.310000000000000000e+02 3.538616315494001352e-08
3.320000000000000000e+02 3.523589974905066695e-08
3.330000000000000000e+02 3.508641601381269290e-08
3.340000000000000000e+02 3.493770898507954917e-08
3.350000000000000000e+02 3.478977876933152917e-08
3.360000000000000000e+02 3.464262617104456702e-08
3.370000000000000000e+02 3.449625149161345310e-08
3.380000000000000000e+02 3.435065411254630323e-08
3.390000000000000000e+02 3.420583179953327627e-08
3.400000000000000000e+02 3.406178093581076185e-08
3.410000000000000000e+02 3.391849836224278484e-08
3.420000000000000000e+02 3.377598163107180051e-08
3.430000000000000000e+02 3.363422900667508168e-08
3.440000000000000000e+02 3.349323999656163315e-08
3.450000000000000000e+02 3.335301410161231445e-08
3.460000000000000000e+02 3.321355042412572621e-08
3.470000000000000000e+02 3.307484820144914561e-08
3.480000000000000000e+02 3.293690676658977384e-08
3.490000000000000000e+02 3.279972429276020329e-08
3.500000000000000000e+02 3.266329773870030339e-08
3.510000000000000000e+02 3.252762345193440992e-08
3.520000000000000000e+02 3.239269751524814697e-08
3.530000000000000000e+02 3.225851800125026340e-08
3.540000000000000000e+02 3.212508654322205403e-08
3.550000000000000000e+02 3.199240492511721148e-08
3.560000000000000000e+02 3.186047351030159400e-08
3.570000000000000000e+02 3.172929131160200977e-08
3.580000000000000000e+02 3.159885519257444340e-08
3.590000000000000000e+02 3.146916080811457602e-08
3.600000000000000000e+02 3.134020407541718011e-08
3.610000000000000000e+02 3.121198229898421011e-08
3.620000000000000000e+02 3.108449432266471505e-08
3.630000000000000000e+02 3.095774033050276148e-08
3.640000000000000000e+02 3.083172133188725003e-08
3.650000000000000000e+02 3.070643671680261479e-08
3.660000000000000000e+02 3.058188453472070775e-08
3.670000000000000000e+02 3.045806257282845751e-08
3.680000000000000000e+02 3.033496859267962354e-08
3.690000000000000000e+02 3.021259923073964480e-08
3.700000000000000000e+02 3.009095101761086270e-08
3.710000000000000000e+02 2.997002072264512939e-08
3.720000000000000000e+02 2.984980609911223537e-08
3.730000000000000000e+02 2.973030691712230359e-08
3.740000000000000000e+02 2.961152362127671431e-08
3.750000000000000000e+02 2.949345603746078109e-08
3.760000000000000000e+02 2.937610304270152578e-08
3.770000000000000000e+02 2.925946190761594205e-08
3.780000000000000000e+02 2.914352929958532769e-08
3.790000000000000000e+02 2.902830150422026101e-08
3.800000000000000000e+02 2.891377370619567447e-08
3.810000000000000000e+02 2.879994303719916729e-08
3.820000000000000000e+02 2.868680723767191818e-08
3.830000000000000000e+02 2.857436560277024678e-08
3.840000000000000000e+02 2.846261803452097880e-08
3.850000000000000000e+02 2.835156337749745586e-08
3.860000000000000000e+02 2.824119956706166006e-08
3.870000000000000000e+02 2.813152388354914992e-08
3.880000000000000000e+02 2.802253312221441901e-08
3.890000000000000000e+02 2.791422300983499811e-08
3.900000000000000000e+02 2.780658899259137351e-08
3.910000000000000000e+02 2.769962717899740133e-08
3.920000000000000000e+02 2.759333480746164410e-08
3.930000000000000000e+02 2.748771058968333534e-08
3.940000000000000000e+02 2.738275355287853339e-08
3.950000000000000000e+02 2.727846223725911943e-08
3.960000000000000000e+02 2.717483447231715209e-08
3.970000000000000000e+02 2.707186693214044159e-08
3.980000000000000000e+02 2.696955573737355031e-08
3.990000000000000000e+02 2.686789713217856799e-08
4.000000000000000000e+02 2.676688708119064689e-08
4.010000000000000000e+02 2.666652144347663894e-08
4.020000000000000000e+02 2.656679679423768152e-08
4.030000000000000000e+02 2.646771083348747698e-08
4.040000000000000000e+02 2.636926167114000107e-08
4.050000000000000000e+02 2.627144699794723320e-08
4.060000000000000000e+02 2.617426421985364975e-08
4.070000000000000000e+02 2.607771083449411391e-08
4.080000000000000000e+02 2.598178368062197019e-08
4.090000000000000000e+02 2.588647814677785064e-08
4.100000000000000000e+02 2.579178895227415276e-08
4.110000000000000000e+02 2.569771156409488906e-08
4.120000000000000000e+02 2.560424228496072983e-08
4.130000000000000000e+02 2.551137771123109000e-08
4.140000000000000000e+02 2.541911564516521417e-08
4.150000000000000000e+02 2.532745405010160001e-08
4.160000000000000000e+02 2.523639069311986132e-08
4.170000000000000000e+02 2.514592284239422485e-08
4.180000000000000000e+02 2.505604667518684098e-08
4.190000000000000000e+02 2.496675760139187695e-08
4.200000000000000000e+02 2.487805090432348199e-08
4.210000000000000000e+02 2.478992201063932335e-08
4.220000000000000000e+02 2.470236606859561259e-08
4.230000000000000000e+02 2.461537873465737113e-08
4.240000000000000000e+02 2.452895707742890662e-08
4.250000000000000000e+02 2.444309912631566533e-08
4.260000000000000000e+02 2.435780240749523111e-08
4.270000000000000000e+02 2.427306386225993804e-08
4.280000000000000000e+02 2.418888027547975835e-08
4.290000000000000000e+02 2.410524773893625269e-08
4.300000000000000000e+02 2.402216136432028241e-08
4.310000000000000000e+02 2.393961607929956993e-08
4.320000000000000000e+02 2.385760708588438431e-08
4.330000000000000000e+02 2.377613001461891752e-08
4.340000000000000000e+02 2.369518071388607065e-08
4.350000000000000000e+02 2.361475588195223257e-08
4.360000000000000000e+02 2.353485249496123884e-08
4.370000000000000000e+02 2.345546752757887897e-08
4.380000000000000000e+02 2.337659816674844361e-08
4.390000000000000000e+02 2.329824153925232780e-08
4.400000000000000000e+02 2.322039381760318621e-08
4.410000000000000000e+02 2.314304993579795016e-08
4.420000000000000000e+02 2.306620485153076009e-08
4.430000000000000000e+02 2.298985389875683437e-08
4.440000000000000000e+02 2.291399215817332123e-08
4.450000000000000000e+02 2.283861529231688676e-08
4.460000000000000000e+02 2.276371986689419994e-08
4.470000000000000000e+02 2.268930282192006401e-08
4.480000000000000000e+02 2.261536115634478912e-08
4.490000000000000000e+02 2.254189162439606375e-08
4.500000000000000000e+02 2.246889064413244059e-08
4.510000000000000000e+02 2.239635393574346969e-08
4.520000000000000000e+02 2.232427737676001758e-08
4.530000000000000000e+02 2.225265666874740145e-08
4.540000000000000000e+02 2.218148695425000182e-08
4.550000000000000000e+02 2.211076346564428839e-08
4.560000000000000000e+02 2.204048176724705793e-08
4.570000000000000000e+02 2.197063793172977551e-08
4.580000000000000000e+02 2.190122800266212389e-08
4.590000000000000000e+02 2.183224838868940658e-08
4.600000000000000000e+02 2.176369576064160611e-08
4.610000000000000000e+02 2.169556693996122486e-08
4.620000000000000000e+02 2.162785831202489960e-08
4.630000000000000000e+02 2.156056571401286226e-08
4.640000000000000000e+02 2.149368490053186480e-08
4.650000000000000000e+02 2.142721182970016664e-08
4.660000000000000000e+02 2.136114225972679864e-08
4.670000000000000000e+02 2.129547188305304090e-08
4.680000000000000000e+02 2.123019634674729198e-08
4.690000000000000000e+02 2.116531161689901669e-08
4.700000000000000000e+02 2.110081398047286152e-08
4.710000000000000000e+02 2.103669975831428792e-08
4.720000000000000000e+02 2.097296533633468508e-08
4.730000000000000000e+02 2.090960679887216937e-08
4.740000000000000000e+02 2.084662025046643081e-08
4.750000000000000000e+02 2.078400207477241907e-08
4.760000000000000000e+02 2.072174880199823794e-08
4.770000000000000000e+02 2.065985629051716165e-08
4.780000000000000000e+02 2.059832054968913129e-08
4.790000000000000000e+02 2.053713815183380720e-08
4.800000000000000000e+02 2.047630553067278418e-08
4.810000000000000000e+02 2.041581877786457810e-08
4.820000000000000000e+02 2.035567385876028922e-08
4.830000000000000000e+02 2.029586654132272470e-08
4.840000000000000000e+02 2.023639280904327728e-08
4.850000000000000000e+02 2.017724857895898603e-08
4.860000000000000000e+02 2.011842977879652524e-08
4.870000000000000000e+02 2.005993288796066320e-08
4.880000000000000000e+02 2.000175501376688674e-08
4.890000000000000000e+02 1.994389334810305122e-08
4.900000000000000000e+02 1.988634471352686393e-08
4.910000000000000000e+02 1.982910564033447379e-08
4.920000000000000000e+02 1.977217269699738774e-08
4.930000000000000000e+02 1.971554232099673313e-08
4.940000000000000000e+02 1.965921054169909134e-08
4.950000000000000000e+02 1.960317289402262822e-08
4.960000000000000000e+02 1.954742489476473525e-08
4.970000000000000000e+02 1.949196280117907796e-08
4.980000000000000000e+02 1.943678336362019073e-08
4.990000000000000000e+02 1.938188359565716652e-08
5.000000000000000000e+02 1.932726063755277423e-08
5.010000000000000000e+02 1.927291184052045306e-08
5.020000000000000000e+02 1.921883466995117548e-08
5.030000000000000000e+02 1.916502643859260286e-08
5.040000000000000000e+02 1.911148413034090083e-08
5.050000000000000000e+02 1.905820422285702516e-08
5.060000000000000000e+02 1.900518279269109413e-08
5.070000000000000000e+02 1.895241607037890896e-08
5.080000000000000000e+02 1.889990051072145540e-08
5.090000000000000000e+02 1.884763267174770058e-08
5.100000000000000000e+02 1.879560923791968265e-08
5.110000000000000000e+02 1.874382745471022222e-08
5.120000000000000000e+02 1.869228501424985803e-08
5.130000000000000000e+02 1.864097956276869798e-08
5.140000000000000000e+02 1.858990851832562927e-08
5.150000000000000000e+02 1.853906932491496000e-08
5.160000000000000000e+02 1.848845923442632137e-08
5.170000000000000000e+02 1.843807535489071142e-08
5.180000000000000000e+02 1.838791448871288545e-08
5.190000000000000000e+02 1.833797315732242351e-08
5.200000000000000000e+02 1.828824838200612621e-08
5.210000000000000000e+02 1.823873759805142499e-08
5.220000000000000000e+02 1.818943842670284509e-08
5.230000000000000000e+02 1.814034832855898223e-08
5.240000000000000000e+02 1.809146470407819951e-08
5.250000000000000000e+02 1.804278495388816737e-08
5.260000000000000000e+02 1.799430664008005123e-08
5.270000000000000000e+02 1.794602753863282980e-08
5.280000000000000000e+02 1.789794546736667930e-08
5.290000000000000000e+02 1.785005802118126618e-08
5.300000000000000000e+02 1.780236295272251469e-08
5.310000000000000000e+02 1.775485823506118214e-08
5.320000000000000000e+02 1.770754166262074702e-08
5.330000000000000000e+02 1.766041103063838869e-08
5.340000000000000000e+02 1.761346397534483890e-08
5.350000000000000000e+02 1.756669817801932378e-08
5.360000000000000000e+02 1.752011153566937618e-08
5.370000000000000000e+02 1.747370193255845502e-08
5.380000000000000000e+02 1.742746726526018730e-08
5.390000000000000000e+02 1.738140555012020390e-08
5.400000000000000000e+02 1.733551493956248341e-08
5.410000000000000000e+02 1.728979362392762034e-08
5.420000000000000000e+02 1.724423987248627956e-08
5.430000000000000000e+02 1.719885182447695568e-08
5.440000000000000000e+02 1.715362776304035568e-08
5.450000000000000000e+02 1.710856604920712358e-08
5.460000000000000000e+02 1.706366517082694679e-08
5.470000000000000000e+02 1.701892339180598571e-08
5.480000000000000000e+02 1.697433870377533910e-08
5.490000000000000000e+02 1.692990922005107401e-08
5.500000000000000000e+02 1.688563311831974469e-08
5.510000000000000000e+02 1.684150889991803979e-08
5.520000000000000000e+02 1.679753516315648878e-08
5.530000000000000000e+02 1.675371040236071987e-08
5.540000000000000000e+02 1.671003328635841637e-08
5.550000000000000000e+02 1.666650264019820826e-08
5.560000000000000000e+02 1.662311719793778943e-08
5.570000000000000000e+02 1.657987567350285923e-08
5.580000000000000000e+02 1.653677679488757658e-08
5.590000000000000000e+02 1.649381913641195346e-08
5.600000000000000000e+02 1.645100144655225248e-08
5.610000000000000000e+02 1.640832243894470610e-08
5.620000000000000000e+02 1.636578073491871191e-08
5.630000000000000000e+02 1.632337500769936446e-08
5.640000000000000000e+02 1.628110414915546972e-08
5.650000000000000000e+02 1.623896721000701945e-08
5.660000000000000000e+02 1.619696318350254863e-08
5.670000000000000000e+02 1.615509120282275122e-08
5.680000000000000000e+02 1.611335033205217431e-08
5.690000000000000000e+02 1.607173955699025068e-08
5.700000000000000000e+02 1.603025796641755053e-08
5.710000000000000000e+02 1.598890459241132707e-08
5.720000000000000000e+02 1.594767825903767192e-08
5.730000000000000000e+02 1.590657789912596213e-08
5.740000000000000000e+02 1.586560258810160607e-08
5.750000000000000000e+02 1.582475144140435145e-08
5.760000000000000000e+02 1.578402381629845435e-08
5.770000000000000000e+02 1.574341913122484755e-08
5.780000000000000000e+02 1.570293675845421657e-08
5.790000000000000000e+02 1.566257607052713612e-08
5.800000000000000000e+02 1.562233648063684230e-08
5.810000000000000000e+02 1.558221739549285826e-08
5.820000000000000000e+02 1.554221797762675411e-08
5.830000000000000000e+02 1.550233740011129596e-08
5.840000000000000000e+02 1.546257491426273058e-08
5.850000000000000000e+02 1.542292989395297325e-08
5.860000000000000000e+02 1.538340177993683205e-08
5.870000000000000000e+02 1.534398992315594522e-08
5.880000000000000000e+02 1.530469370271596188e-08
5.890000000000000000e+02 1.526551269961936228e-08
5.900000000000000000e+02 1.522644677645908527e-08
5.910000000000000000e+02 1.518749564261199230e-08
5.920000000000000000e+02 1.514865893980077884e-08
5.930000000000000000e+02 1.510993631210005311e-08
5.940000000000000000e+02 1.507132737833625050e-08
5.950000000000000000e+02 1.503283183215078888e-08
5.960000000000000000e+02 1.499444916656369805e-08
5.970000000000000000e+02 1.495617873449443155e-08
5.980000000000000000e+02 1.491801996669604895e-08
5.990000000000000000e+02 1.487997243620206512e-08
6.000000000000000000e+02 1.484203582449366628e-08
